320
54920
2996
171024
8534
288
91289
3720
66004
4681
64921
80776
40
79671
87769
145853
100507050
504189
51762
55973
5184
337970
63977
54935
317705
57470
400966
64881
254958
3549
346547
966
5998
51170
8521
57335
342510
390201
10445
6197
53981
9568
889
65110
7499
116135
93978
10499
5064
54957
441669
2559
55520
30061
51552
23416
548645
388555
161725
93611
92667
22806
57522
79178
57167
291
387712
3145
80343
1939
9211
84283
132014
1121
9750
222642
79650
3609
137682
54718
6503
388962
57475
5810
359
642633
6862
342357
1522
136242
283554
64806
85301
2903
7561
51463
126626
8910
7768
93953
55568
81309
729991
5738
163033
7855
4093
262
8660
55763
51004
282809
3417
554279
6596
57010
84109
343173
55159
283455
84142
152100
442092
400673
56650
100101267
143689
392
151531
55223
688
6461
389874
4921
284307
467
196446
389791
6156
7762
84218
55329
29893
347252
51764
7988
23194
53904
8777
116832
1123
3094
283458
10758
80005
23114
100652857
140578
340152
3725
55168
4935
150084
10827
148203
54919
3181
159963
84944
143662
51299
11222
3596
51106
57147
3800
163223
30012
54584
2625
254552
1303
57606
55799
8349
129303
7884
56913
4175
9296
3741
4522
9397
79883
147841
10490
5373
3363
9197
57464
84536
375318
79879
51450
3010
3482
27236
3931
115416
93492
9501
54829
80328
474344
55324
29066
54842
4300
64802
219986
54976
130872
50940
729440
1448
10650
7277
765
340075
5717
79651
6102
3108
2219
1793
26024
5678
867
84889
339390
54431
8905
10216
1297
57650
3177
151835
645922
5624
664701
84102
1101
537
27350
58158
283337
165631
83856
1741
55591
2597
64848
1457
83546
137814
343702
51206
55703
114883
364
29903
8100
2632
6731
26233
129401
79734
56103
8625
1357
6483
390231
5557
57232
400120
89970
1632
11338
5036
115106
23064
4295
3201
390940
140461
441381
283209
94033
3752
3642
84078
389812
50512
1584
64432
4843
1348
5753
440026
9705
11218
5970
8805
90313
80063
84868
64743
11251
1768
337959
57460
283985
60386
8330
3030
94097
90379
120775
340267
58499
57471
55250
9338
54675
10948
10856
11097
26538
346517
51259
57116
58493
3756
27316
64708
284581
91522
55174
4990
26103
10815
197320
91574
353345
161582
9706
84767
2313
272
140691
3635
8938
2579
55193
219952
223082
197322
3316
11057
153743
57644
7328
8826
161
91392
3133
57622
8935
6658
57085
6943
572
83786
29093
337867
388125
23002
27237
64236
53838
27238
51634
26689
3433
386684
5800
80772
54658
51592
10730
646643
2888
221786
285971
4332
9508
85443
55075
64854
440915
79598
10584
282973
441168
133688
130617
79090
219736
653784
1551
81871
27153
138429
5597
2710
283847
324
9063
29974
79817
221491
81248
28978
9708
342908
2976
3481
57546
131873
84945
79710
5832
23167
10209
22838
9459
1434
201626
140628
147945
374973
8850
23054
22818
25858
51605
390079
57480
166655
50486
79902
441376
80896
25934
54862
5533
83854
27245
66035
5993
8701
57228
64064
4135
286046
8492
64699
661
5612
353515
100132406
10458
21
146167
6633
26354
389090
90589
11325
2019
51318
80308
6622
7979
150223
152573
64398
238
23604
152137
79908
6323
203074
56834
658
9046
10724
79754
326340
51422
378807
51666
7294
3273
9150
53832
1588
3038
10335
56937
390259
7380
27240
27292
55167
8771
124930
389692
203328
9379
81554
130612
124045
10866
375337
93974
55802
667
284716
171558
1730
1511
4760
55186
84439
55704
93100
8801
55658
2520
80108
56302
79171
55203
4330
151613
5653
10844
83983
3779
2029
3190
51409
90441
353274
125988
23513
3172
84572
4621
11030
57678
5469
6582
123041
27102
5708
26985
2739
653427
143503
126299
7776
81794
51350
51087
8342
79922
10486
4838
84817
10488
7639
54471
11013
23255
2629
79632
55024
3112
11014
79719
219429
151
643797
10075
138715
27440
100130863
5638
155435
167359
664618
5897
64170
3113
9244
162073
114905
132724
8445
23619
2526
8900
114899
2305
64663
1018
10690
84445
11235
613209
346562
4126
401944
9468
90701
6204
11041
57611
51272
2841
401190
654
653404
51020
817
160287
641384
116969
10428
22880
8153
158046
58498
86
3050
29986
5995
6795
3906
54998
353288
9095
153443
3708
27334
79088
1933
2324
7936
55735
389677
9641
8811
79944
5126
85406
2306
23350
5268
24147
100528032
79175
84826
63928
81431
6626
58495
10647
3090
6635
157693
10277
3699
1503
9148
126
54879
57513
57496
8846
84064
338692
201299
351
123920
11132
54465
80099
79027
80731
128367
2287
248
3212
130013
3350
29993
2119
84851
90288
57182
923
54971
10169
154043
81
29927
6181
64219
1610
1639
23277
5540
90317
7627
619207
27202
80705
219873
2677
79007
624
9555
387597
8994
79183
1816
84153
8498
81327
126205
10793
100130348
1408
26235
115196
79924
4584
4995
343068
253582
284194
95
23382
5228
27295
80775
4982
79847
11196
90864
7469
93099
284697
51061
51181
4067
2217
353323
2885
1186
6193
5458
79339
3860
3682
6184
5756
152816
4499
51367
3838
408
140767
390327
80824
64591
81543
7626
4613
3709
257068
2487
60489
383
835
64506
4248
912
390530
151258
2931
811
26872
10865
7054
8372
10735
7695
6883
653548
5271
157313
392509
170392
387695
375033
10773
4776
4916
84528
127066
5728
9719
6101
64118
10614
550
388595
388951
9541
84314
1271
162989
8099
8973
728404
27018
678
10817
55600
8287
23620
1840
118924
29944
26223
91355
57172
280636
139760
131601
389643
509
135941
78987
8685
51665
54332
144193
1272
376940
54780
2132
54892
126789
91133
284106
5903
79148
53371
157506
136306
259217
10112
3238
401827
5139
25928
353144
112
8386
1548
138799
89858
114881
100652748
6652
1675
23112
90693
9768
6726
29085
51088
8712
51164
79876
23362
8391
8500
84812
122553
729809
84274
119395
84912
3812
5141
57099
220929
84206
4012
6451
84904
140465
80174
10763
1917
29889
4340
3092
653437
6442
80762
57554
26219
9229
4851
2138
55768
9295
112464
23761
3251
5585
22917
219477
10101
8048
2788
117581
26959
23389
1421
137970
55815
115290
440348
163255
116236
339559
493913
10641
475
201475
64175
388533
200350
5494
64065
153918
